BEGIN_STROKE
PARENT_STROKE_ID 0
PARENT_VERTEX_ID 0
VERTICES 0.422 0.162 0.422 0.164 0.422 0.186 0.422 0.256 0.422 0.364 0.426 0.488 0.44 0.602 0.462 0.688 0.484 0.75 0.5 0.792 0.516 0.824 0.528 0.84 0.536 0.85 0.544 0.856 0.55 0.86 0.554 0.862 0.554 0.862 0.556 0.862 0.556 0.862 
END_STROKE
BEGIN_STROKE
PARENT_STROKE_ID 0
PARENT_VERTEX_ID 5
VERTICES 0.426 0.488 0.426 0.49 0.426 0.496 0.426 0.518 0.426 0.556 0.426 0.606 0.426 0.648 0.426 0.682 0.426 0.712 0.424 0.736 0.422 0.76 0.414 0.782 0.408 0.802 0.402 0.818 0.398 0.828 0.394 0.836 0.392 0.84 0.39 0.842 0.39 0.842 0.39 0.842 0.388 0.842 0.388 0.842 
END_STROKE
BEGIN_STROKE
PARENT_STROKE_ID 0
PARENT_VERTEX_ID 7
VERTICES 0.462 0.688 0.462 0.688 0.462 0.692 0.466 0.708 0.472 0.726 0.482 0.744 0.496 0.762 0.51 0.778 0.522 0.79 0.534 0.798 0.544 0.806 0.556 0.814 0.568 0.82 0.58 0.826 0.59 0.83 0.6 0.832 0.608 0.834 0.614 0.834 0.616 0.834 0.62 0.834 0.622 0.834 0.622 0.834 0.622 0.834 
END_STROKE
BEGIN_STROKE
PARENT_STROKE_ID 1
PARENT_VERTEX_ID 9
VERTICES 0.424 0.736 0.422 0.736 0.416 0.738 0.404 0.746 0.386 0.76 0.366 0.776 0.346 0.792 0.328 0.808 0.308 0.824 0.286 0.84 0.268 0.85 0.25 0.858 0.236 0.862 0.224 0.864 0.212 0.864 0.204 0.864 0.198 0.864 0.194 0.864 0.192 0.864 0.19 0.864 
END_STROKE
BEGIN_STROKE
PARENT_STROKE_ID 3
PARENT_VERTEX_ID 8
VERTICES 0.308 0.824 0.308 0.824 0.308 0.826 0.308 0.832 0.308 0.842 0.308 0.856 0.308 0.87 0.308 0.886 0.308 0.9 0.308 0.914 0.308 0.924 0.308 0.934 0.308 0.942 0.308 0.95 0.308 0.954 0.31 0.958 0.31 0.958 0.312 0.96 0.312 0.96 0.312 0.96 0.312 0.96 
END_STROKE
BEGIN_STROKE
PARENT_STROKE_ID 3
PARENT_VERTEX_ID 11
VERTICES 0.25 0.858 0.25 0.858 0.248 0.858 0.244 0.862 0.238 0.87 0.228 0.882 0.216 0.908 0.214 0.918 0.212 0.928 0.212 0.934 0.212 0.938 0.212 0.936 0.212 0.936 0.212 0.936 
END_STROKE
BEGIN_STROKE
PARENT_STROKE_ID 4
PARENT_VERTEX_ID 8
VERTICES 0.308 0.9 0.308 0.902 0.308 0.904 0.31 0.912 0.312 0.924 0.32 0.938 0.328 0.948 0.336 0.956 0.344 0.96 0.35 0.96 0.354 0.962 0.356 0.962 0.356 0.962 
END_STROKE
BEGIN_STROKE
PARENT_STROKE_ID 0
PARENT_VERTEX_ID 11
VERTICES 0.528 0.84 0.528 0.842 0.528 0.848 0.528 0.86 0.53 0.882 0.53 0.914 0.53 0.942 0.53 0.968 0.53 0.986 0.53 0.994 0.53 1 0.53 1.004 
END_STROKE
BEGIN_STROKE
PARENT_STROKE_ID 7
PARENT_VERTEX_ID 6
VERTICES 0.53 0.942 0.53 0.942 0.548 0.956 0.566 0.966 0.596 0.976 0.626 0.982 0.644 0.984 0.662 0.984 0.674 0.984 0.682 0.984 0.684 0.984 0.686 0.984 0.688 0.984 
END_STROKE
BEGIN_STROKE
PARENT_STROKE_ID 8
PARENT_VERTEX_ID 4
VERTICES 0.596 0.976 0.598 0.976 0.602 0.976 0.636 0.974 0.668 0.968 0.698 0.962 0.726 0.958 0.752 0.954 0.77 0.954 0.782 0.954 0.792 0.954 0.798 0.956 0.798 0.958 
END_STROKE
BEGIN_STROKE
PARENT_STROKE_ID 0
PARENT_VERTEX_ID 5
VERTICES 0.426 0.488 0.426 0.488 0.426 0.49 0.43 0.502 0.45 0.532 0.548 0.618 0.604 0.644 0.65 0.656 0.676 0.658 0.692 0.658 0.7 0.658 0.706 0.658 0.706 0.658 0.706 0.658 0.706 0.658 
END_STROKE
BEGIN_STROKE
PARENT_STROKE_ID 10
PARENT_VERTEX_ID 6
VERTICES 0.604 0.644 0.604 0.644 0.604 0.646 0.606 0.654 0.62 0.674 0.648 0.702 0.676 0.726 0.702 0.742 0.722 0.754 0.734 0.758 0.744 0.76 0.75 0.76 0.754 0.76 0.758 0.76 0.76 0.76 0.762 0.76 0.762 0.76 
END_STROKE
BEGIN_STROKE
PARENT_STROKE_ID 10
PARENT_VERTEX_ID 5
VERTICES 0.548 0.618 0.548 0.618 0.548 0.618 0.556 0.618 0.61 0.618 0.65 0.618 0.688 0.618 0.718 0.618 0.744 0.616 0.768 0.608 0.774 0.606 0.776 0.606 0.778 0.604 0.778 0.604 
END_STROKE
BEGIN_STROKE
PARENT_STROKE_ID 0
PARENT_VERTEX_ID 4
VERTICES 0.422 0.364 0.422 0.366 0.422 0.378 0.41 0.446 0.394 0.488 0.378 0.528 0.348 0.58 0.316 0.612 0.294 0.624 0.286 0.626 0.278 0.626 0.274 0.626 0.27 0.626 
END_STROKE
BEGIN_STROKE
PARENT_STROKE_ID 13
PARENT_VERTEX_ID 6
VERTICES 0.348 0.58 0.348 0.58 0.344 0.582 0.338 0.59 0.326 0.604 0.31 0.626 0.294 0.648 0.282 0.666 0.27 0.684 0.26 0.698 0.252 0.708 0.244 0.716 0.238 0.722 0.234 0.724 0.23 0.726 0.228 0.728 0.226 0.728 
END_STROKE
BEGIN_STROKE
PARENT_STROKE_ID 13
PARENT_VERTEX_ID 6
VERTICES 0.348 0.58 0.348 0.58 0.344 0.58 0.336 0.58 0.322 0.58 0.266 0.58 0.236 0.58 0.204 0.58 0.174 0.58 0.154 0.58 0.14 0.578 0.13 0.574 0.122 0.57 0.116 0.568 0.114 0.566 
END_STROKE
BEGIN_STROKE
PARENT_STROKE_ID 14
PARENT_VERTEX_ID 6
VERTICES 0.294 0.648 0.294 0.648 0.294 0.652 0.294 0.664 0.294 0.678 0.298 0.7 0.304 0.708 0.308 0.712 0.314 0.716 0.318 0.718 0.32 0.718 0.32 0.718 
END_STROKE
